100 2375
0 1 806
0 5 19
0 6 405
0 8 739
0 9 843
0 12 448
0 13 471
0 14 588
0 16 30
0 18 757
0 19 218
0 20 15
0 21 936
0 22 115
0 23 463
0 26 764
0 27 218
0 28 890
0 29 563
0 30 150
0 31 643
0 32 752
0 33 904
0 35 853
0 37 872
0 40 218
0 41 313
0 42 517
0 43 651
0 44 109
0 45 350
0 46 935
0 47 433
0 49 56
0 50 668
0 51 738
0 52 414
0 53 396
0 55 973
0 57 524
0 58 214
0 60 264
0 61 971
0 62 55
0 63 264
0 64 626
0 65 789
0 66 361
0 67 723
0 68 355
0 69 675
0 70 271
0 72 431
0 75 580
0 77 451
0 78 144
0 79 277
0 80 30
0 81 62
0 83 883
0 84 328
0 86 261
0 87 74
0 88 437
0 90 981
0 91 311
0 92 55
0 93 561
0 94 213
0 96 412
0 97 185
0 99 39
1 2 323
1 3 301
1 4 370
1 8 995
1 9 260
1 10 653
1 11 511
1 13 498
1 14 789
1 16 717
1 17 390
1 18 997
1 20 453
1 21 82
1 22 714
1 23 991
1 25 490
1 26 367
1 27 268
1 28 7
1 29 67
1 30 959
1 31 641
1 32 552
1 34 664
1 35 528
1 37 874
1 39 696
1 40 582
1 41 39
1 43 26
1 46 599
1 48 858
1 49 208
1 50 385
1 51 443
1 52 537
1 54 799
1 55 762
1 57 15
1 58 322
1 59 632
1 61 164
1 62 282
1 65 612
1 67 390
1 68 770
1 71 487
1 73 420
1 74 48
1 75 721
1 76 652
1 78 617
1 79 540
1 82 574
1 83 590
1 84 674
1 85 842
1 88 667
1 89 65
1 90 720
1 93 695
1 94 532
1 95 414
1 97 311
1 98 132
1 99 997
2 3 955
2 4 663
2 5 811
2 6 41
2 8 915
2 9 609
2 10 894
2 11 115
2 12 927
2 13 9
2 14 490
2 15 990
2 16 805
2 17 54
2 18 366
2 19 940
2 20 718
2 22 447
2 23 597
2 24 214
2 26 357
2 27 593
2 28 606
2 29 877
2 30 105
2 31 571
2 32 9
2 33 752
2 35 336
2 36 295
2 37 478
2 38 43
2 40 558
2 42 840
2 43 308
2 44 138
2 47 55
2 48 492
2 49 842
2 50 306
2 51 914
2 54 387
2 55 967
2 57 666
2 58 830
2 59 747
2 60 275
2 61 176
2 63 10
2 65 522
2 66 158
2 67 620
2 69 507
2 70 607
2 71 718
2 72 187
2 73 517
2 74 824
2 75 703
2 76 453
2 77 918
2 80 862
2 81 172
2 82 857
2 84 971
2 85 182
2 86 778
2 87 729
2 89 776
2 91 422
2 92 87
2 93 443
2 95 853
2 96 521
2 99 749
3 4 243
3 5 870
3 6 327
3 7 354
3 8 122
3 9 823
3 10 807
3 11 634
3 12 150
3 14 125
3 15 519
3 16 282
3 18 951
3 21 290
3 22 15
3 23 337
3 24 305
3 27 637
3 29 28
3 30 153
3 31 700
3 32 437
3 33 551
3 34 29
3 36 27
3 37 439
3 42 357
3 43 94
3 44 422
3 46 109
3 47 731
3 48 629
3 49 538
3 50 60
3 51 391
3 52 505
3 53 208
3 54 750
3 56 526
3 58 187
3 59 922
3 60 336
3 61 54
3 62 319
3 63 639
3 64 131
3 65 477
3 66 270
3 67 518
3 68 880
3 71 943
3 72 810
3 74 926
3 75 56
3 76 184
3 77 312
3 78 193
3 81 432
3 82 305
3 84 922
3 85 713
3 86 909
3 87 885
3 89 86
3 92 892
3 93 111
3 94 46
3 95 163
3 96 11
3 97 335
3 98 339
3 99 295
4 6 129
4 7 6
4 8 668
4 9 226
4 10 725
4 11 720
4 12 16
4 13 30
4 14 300
4 15 206
4 16 133
4 18 584
4 19 224
4 20 830
4 22 840
4 24 786
4 25 456
4 26 233
4 28 613
4 29 995
4 30 538
4 31 760
4 32 180
4 33 883
4 34 627
4 35 562
4 37 230
4 38 629
4 39 778
4 40 785
4 41 304
4 43 602
4 44 602
4 45 105
4 46 669
4 48 249
4 49 229
4 50 753
4 51 452
4 52 977
4 53 495
4 54 656
4 55 43
4 56 618
4 57 397
4 60 487
4 61 515
4 63 834
4 64 974
4 66 644
4 67 732
4 68 788
4 69 477
4 72 714
4 73 294
4 75 437
4 77 284
4 78 460
4 79 766
4 80 155
4 81 689
4 82 119
4 83 789
4 84 297
4 85 852
4 87 685
4 88 246
4 89 31
4 91 511
4 92 892
4 93 141
4 94 95
4 95 66
4 96 685
4 97 544
4 98 72
4 99 997
5 7 576
5 8 320
5 9 671
5 10 913
5 11 485
5 12 603
5 14 407
5 15 736
5 16 848
5 18 269
5 20 479
5 21 224
5 22 329
5 23 60
5 24 837
5 25 41
5 26 332
5 27 532
5 28 305
5 29 407
5 30 468
5 31 988
5 32 493
5 33 930
5 34 591
5 37 865
5 38 253
5 43 598
5 44 748
5 45 219
5 46 359
5 47 577
5 48 796
5 49 479
5 50 787
5 51 934
5 53 558
5 55 391
5 58 782
5 59 863
5 60 396
5 61 9
5 62 859
5 64 197
5 65 503
5 66 520
5 67 640
5 71 910
5 72 288
5 75 819
5 76 539
5 77 206
5 78 325
5 79 371
5 80 259
5 81 140
5 82 593
5 84 348
5 85 890
5 87 85
5 88 26
5 90 970
5 91 715
5 92 548
5 94 768
5 95 7
5 96 867
5 97 591
5 98 328
5 99 393
6 7 750
6 9 272
6 11 572
6 12 3
6 14 644
6 15 389
6 16 436
6 17 471
6 19 35
6 20 170
6 21 970
6 22 531
6 23 906
6 24 219
6 25 268
6 26 323
6 28 634
6 30 101
6 31 739
6 32 809
6 33 451
6 34 309
6 35 464
6 37 234
6 38 606
6 39 164
6 40 285
6 41 324
6 42 835
6 43 143
6 44 738
6 45 296
6 46 889
6 47 943
6 48 520
6 49 237
6 50 160
6 53 940
6 55 468
6 56 777
6 57 633
6 61 780
6 64 240
6 65 652
6 66 334
6 67 249
6 68 728
6 69 419
6 70 990
6 71 712
6 72 51
6 74 756
6 75 767
6 76 559
6 77 337
6 79 925
6 80 355
6 81 119
6 82 943
6 83 762
6 85 447
6 86 597
6 87 970
6 88 812
6 89 807
6 90 72
6 92 640
6 94 347
6 95 484
6 96 343
6 97 808
6 99 891
7 9 938
7 10 675
7 12 362
7 13 886
7 14 839
7 15 957
7 16 513
7 17 590
7 18 944
7 19 308
7 20 84
7 21 837
7 22 772
7 23 752
7 25 506
7 31 883
7 32 217
7 33 14
7 34 302
7 36 41
7 37 334
7 38 750
7 39 587
7 40 521
7 41 984
7 42 761
7 44 190
7 45 963
7 46 120
7 47 539
7 48 502
7 49 58
7 50 927
7 51 744
7 53 765
7 54 11
7 55 374
7 56 700
7 59 856
7 60 574
7 61 592
7 62 199
7 65 942
7 66 408
7 67 429
7 69 144
7 70 602
7 71 122
7 72 776
7 74 179
7 75 735
7 76 667
7 77 739
7 78 564
7 79 190
7 80 395
7 82 64
7 84 68
7 85 78
7 86 731
7 87 1
7 89 795
7 90 391
7 92 76
7 93 723
7 94 735
7 95 426
7 96 697
7 97 375
7 98 640
8 9 136
8 11 351
8 12 204
8 13 583
8 15 517
8 16 76
8 18 649
8 20 227
8 21 608
8 25 158
8 27 464
8 28 283
8 31 662
8 32 43
8 33 485
8 34 468
8 35 481
8 36 377
8 37 656
8 38 977
8 39 721
8 40 847
8 41 616
8 44 391
8 45 397
8 46 822
8 47 276
8 48 467
8 49 923
8 50 435
8 51 425
8 52 598
8 54 65
8 55 972
8 56 130
8 57 848
8 58 572
8 60 272
8 61 422
8 62 91
8 63 798
8 65 79
8 66 397
8 68 412
8 69 92
8 70 824
8 71 901
8 72 927
8 73 752
8 74 955
8 75 65
8 76 234
8 77 524
8 78 907
8 79 938
8 80 645
8 82 749
8 83 94
8 86 457
8 87 730
8 88 298
8 89 305
8 90 587
8 92 169
8 93 850
8 94 293
8 96 991
8 97 531
8 98 321
8 99 5
9 10 777
9 13 709
9 14 303
9 15 151
9 16 790
9 17 884
9 19 821
9 20 349
9 21 598
9 23 592
9 24 782
9 25 757
9 26 430
9 27 106
9 29 419
9 30 754
9 31 313
9 32 104
9 33 989
9 35 474
9 36 644
9 37 636
9 38 983
9 39 45
9 40 934
9 42 306
9 43 214
9 46 822
9 47 903
9 49 811
9 50 765
9 51 406
9 52 267
9 53 180
9 54 433
9 56 516
9 57 649
9 58 383
9 59 900
9 60 338
9 61 479
9 62 839
9 63 136
9 64 514
9 65 927
9 66 975
9 68 935
9 69 757
9 70 486
9 71 876
9 73 198
9 74 284
9 75 19
9 76 735
9 79 83
9 85 876
9 86 813
9 88 591
9 90 809
9 91 157
9 92 48
9 94 495
9 96 132
9 97 240
9 98 460
9 99 883
10 13 369
10 14 499
10 15 722
10 16 904
10 17 665
10 18 634
10 20 449
10 21 831
10 22 873
10 23 26
10 24 597
10 26 528
10 28 132
10 30 855
10 31 959
10 32 365
10 33 615
10 34 378
10 35 398
10 36 805
10 37 161
10 38 173
10 39 255
10 40 769
10 41 316
10 42 271
10 43 695
10 46 651
10 49 70
10 51 625
10 53 476
10 54 353
10 55 70
10 56 751
10 57 962
10 59 249
10 61 480
10 62 810
10 63 925
10 64 707
10 66 769
10 68 633
10 69 596
10 70 418
10 71 696
10 73 771
10 74 557
10 75 148
10 77 114
10 78 15
10 79 936
10 80 51
10 81 34
10 82 577
10 83 182
10 84 857
10 85 802
10 89 602
10 90 136
10 91 439
10 92 592
10 93 813
10 95 603
10 96 898
11 12 889
11 15 599
11 16 431
11 17 260
11 18 62
11 20 504
11 23 944
11 24 619
11 25 194
11 26 288
11 27 381
11 28 389
11 31 371
11 33 757
11 34 799
11 36 963
11 37 29
11 38 906
11 39 719
11 40 562
11 41 626
11 42 682
11 43 560
11 46 595
11 47 952
11 48 4
11 50 221
11 51 418
11 52 288
11 54 541
11 57 346
11 58 611
11 59 778
11 60 515
11 61 507
11 62 518
11 63 170
11 64 341
11 65 843
11 66 659
11 68 654
11 69 680
11 70 97
11 72 764
11 73 155
11 75 243
11 76 296
11 77 741
11 78 510
11 79 414
11 80 58
11 82 499
11 87 275
11 91 221
11 92 469
11 94 79
11 99 264
12 14 840
12 15 436
12 17 915
12 18 761
12 19 416
12 20 268
12 22 215
12 23 102
12 24 89
12 26 23
12 28 367
12 29 661
12 30 109
12 32 511
12 33 313
12 34 387
12 35 283
12 37 364
12 38 337
12 40 832
12 41 489
12 42 619
12 46 445
12 48 185
12 49 695
12 50 608
12 51 549
12 52 340
12 53 319
12 54 196
12 55 109
12 56 731
12 57 604
12 59 166
12 60 371
12 61 79
12 62 917
12 63 36
12 64 862
12 65 180
12 66 781
12 67 799
12 68 121
12 70 153
12 73 992
12 74 335
12 77 57
12 78 904
12 79 806
12 82 285
12 83 894
12 84 179
12 85 795
12 86 604
12 87 980
12 88 831
12 90 220
12 92 973
12 94 958
12 95 608
12 96 132
12 97 982
12 99 495
13 14 768
13 15 297
13 16 96
13 17 967
13 18 475
13 19 521
13 20 793
13 21 575
13 22 36
13 23 186
13 24 159
13 25 582
13 26 571
13 27 826
13 28 665
13 30 514
13 31 675
13 32 692
13 33 253
13 34 258
13 35 217
13 38 637
13 39 628
13 40 530
13 41 301
13 43 949
13 44 809
13 45 716
13 47 156
13 48 136
13 49 652
13 50 932
13 51 981
13 53 584
13 54 247
13 57 355
13 58 313
13 60 450
13 61 947
13 62 524
13 63 134
13 64 826
13 65 25
13 66 905
13 67 817
13 68 341
13 69 44
13 70 651
13 71 313
13 72 679
13 73 496
13 74 554
13 76 910
13 77 967
13 78 17
13 79 614
13 80 787
13 81 989
13 82 57
13 83 7
13 84 639
13 85 560
13 86 352
13 87 584
13 88 627
13 89 694
13 90 947
13 91 848
13 93 523
13 94 455
13 95 375
13 97 258
13 98 774
13 99 609
14 15 149
14 16 550
14 17 607
14 18 115
14 19 815
14 20 374
14 21 608
14 22 24
14 23 825
14 24 410
14 25 48
14 26 867
14 27 729
14 28 359
14 30 150
14 31 712
14 32 501
14 34 418
14 35 97
14 36 662
14 37 909
14 38 761
14 39 376
14 41 909
14 43 372
14 44 418
14 45 157
14 46 628
14 49 805
14 50 81
14 54 878
14 55 122
14 57 622
14 59 119
14 60 628
14 61 42
14 62 628
14 63 507
14 65 423
14 66 274
14 67 428
14 68 812
14 69 675
14 70 270
14 71 191
14 72 515
14 73 560
14 74 924
14 75 45
14 77 198
14 78 624
14 79 464
14 80 587
14 83 105
14 84 682
14 86 358
14 87 916
14 88 790
14 89 408
14 90 283
14 92 461
14 93 73
14 94 612
14 95 646
14 96 133
14 97 262
14 98 114
14 99 243
15 17 869
15 18 309
15 20 72
15 21 165
15 22 943
15 23 855
15 24 176
15 25 397
15 27 527
15 30 683
15 31 717
15 32 102
15 33 579
15 34 798
15 35 719
15 36 250
15 37 910
15 38 214
15 39 955
15 40 849
15 41 354
15 42 172
15 43 732
15 44 39
15 48 674
15 49 584
15 50 355
15 51 66
15 53 424
15 55 134
15 56 756
15 58 593
15 59 605
15 60 746
15 61 218
15 62 465
15 63 483
15 64 100
15 65 355
15 66 422
15 67 960
15 69 25
15 71 451
15 72 689
15 73 256
15 74 717
15 75 651
15 77 414
15 78 286
15 79 376
15 80 879
15 81 743
15 82 944
15 83 604
15 86 106
15 87 726
15 88 844
15 92 11
15 93 73
15 94 541
15 95 441
15 97 175
15 98 529
16 17 598
16 18 677
16 19 320
16 20 314
16 21 775
16 22 526
16 24 832
16 25 298
16 27 208
16 30 588
16 31 940
16 33 200
16 35 274
16 36 772
16 37 895
16 38 71
16 39 425
16 40 598
16 42 933
16 43 910
16 44 431
16 46 622
16 47 734
16 48 727
16 49 634
16 51 859
16 53 180
16 54 567
16 55 506
16 56 594
16 57 775
16 58 66
16 59 880
16 60 872
16 61 703
16 62 638
16 63 93
16 64 726
16 66 703
16 68 427
16 70 9
16 73 611
16 74 403
16 75 608
16 82 22
16 83 793
16 84 771
16 85 22
16 86 545
16 90 265
16 91 567
16 92 724
16 93 720
16 94 930
16 95 888
16 96 260
16 97 695
16 99 375
17 19 83
17 21 161
17 22 377
17 23 488
17 24 65
17 26 262
17 27 842
17 28 805
17 30 880
17 31 582
17 33 425
17 35 362
17 36 892
17 37 728
17 38 762
17 39 782
17 41 970
17 42 915
17 44 497
17 45 491
17 46 424
17 47 986
17 48 556
17 50 16
17 51 756
17 52 709
17 53 241
17 54 414
17 55 700
17 57 256
17 58 390
17 59 993
17 62 540
17 63 851
17 66 376
17 67 30
17 68 287
17 69 682
17 72 521
17 73 696
17 74 535
17 75 219
17 76 242
17 79 928
17 80 65
17 81 421
17 82 30
17 83 77
17 85 14
17 86 771
17 87 547
17 89 672
17 90 431
17 93 222
17 95 100
17 96 674
17 97 882
17 99 337
18 20 992
18 22 972
18 24 991
18 26 718
18 27 416
18 28 728
18 29 64
18 30 924
18 31 281
18 32 778
18 33 280
18 34 394
18 36 12
18 37 234
18 38 445
18 39 229
18 41 342
18 44 354
18 45 418
18 46 628
18 47 77
18 48 486
18 49 1
18 50 606
18 51 512
18 55 726
18 56 297
18 57 8
18 58 332
18 60 698
18 62 483
18 65 390
18 66 904
18 69 930
18 70 127
18 71 772
18 72 608
18 73 734
18 76 51
18 77 545
18 78 411
18 80 683
18 81 891
18 82 416
18 83 686
18 84 826
18 86 686
18 88 827
18 89 498
18 90 677
18 91 549
18 92 970
18 93 490
18 94 620
18 95 845
18 96 591
18 97 716
18 98 994
19 20 117
19 21 545
19 24 730
19 25 731
19 27 343
19 28 305
19 29 338
19 30 549
19 31 12
19 33 231
19 34 324
19 35 570
19 36 185
19 37 858
19 43 112
19 44 117
19 45 431
19 46 785
19 48 280
19 50 169
19 51 688
19 53 138
19 54 652
19 55 501
19 56 710
19 58 453
19 60 685
19 61 374
19 65 117
19 66 415
19 67 410
19 68 859
19 69 577
19 71 876
19 72 73
19 75 409
19 76 40
19 77 539
19 78 410
19 80 113
19 81 66
19 82 570
19 83 805
19 84 735
19 86 312
19 87 902
19 88 1
19 90 33
19 92 706
19 95 101
19 97 694
19 98 64
20 21 42
20 22 564
20 23 664
20 24 500
20 25 596
20 26 205
20 28 380
20 29 866
20 32 408
20 34 243
20 35 367
20 36 735
20 38 821
20 41 721
20 42 655
20 43 533
20 46 321
20 47 850
20 48 980
20 51 609
20 54 418
20 55 788
20 56 644
20 57 208
20 59 820
20 60 299
20 61 315
20 62 403
20 63 912
20 65 282
20 66 771
20 69 344
20 70 36
20 71 68
20 72 595
20 73 455
20 75 78
20 76 174
20 78 755
20 79 881
20 80 489
20 82 132
20 83 496
20 84 984
20 85 410
20 86 964
20 87 991
20 88 630
20 89 212
20 90 327
20 91 146
20 92 700
20 93 510
20 94 163
20 95 361
20 96 715
20 97 194
20 98 415
21 22 368
21 23 309
21 26 777
21 27 186
21 28 71
21 29 241
21 30 389
21 31 796
21 32 266
21 34 946
21 35 418
21 36 221
21 38 209
21 39 830
21 41 829
21 42 310
21 44 572
21 45 177
21 46 895
21 47 325
21 48 267
21 50 367
21 52 925
21 53 735
21 55 761
21 56 63
21 57 489
21 61 179
21 62 445
21 63 819
21 65 317
21 66 429
21 67 964
21 72 532
21 73 947
21 75 447
21 77 343
21 80 377
21 81 937
21 82 469
21 83 230
21 84 157
21 86 302
21 87 731
21 88 497
21 90 817
21 91 158
21 92 209
21 93 772
21 94 681
21 95 486
21 97 779
22 24 461
22 26 790
22 27 538
22 28 620
22 29 863
22 30 8
22 31 853
22 32 842
22 34 51
22 36 571
22 37 533
22 38 263
22 39 489
22 40 220
22 41 123
22 42 860
22 45 329
22 46 56
22 49 42
22 50 363
22 51 106
22 52 353
22 54 809
22 56 609
22 57 810
22 58 883
22 60 813
22 61 801
22 63 199
22 65 680
22 67 491
22 68 862
22 69 503
22 71 22
22 72 396
22 73 376
22 74 363
22 75 738
22 76 189
22 77 133
22 78 196
22 79 757
22 80 122
22 81 353
22 82 362
22 83 511
22 85 615
22 86 460
22 89 273
22 91 395
22 92 988
22 93 386
22 95 158
22 96 682
22 98 731
22 99 83
23 26 527
23 27 52
23 28 986
23 30 639
23 31 278
23 32 951
23 34 809
23 35 515
23 36 344
23 37 984
23 38 18
23 40 255
23 42 684
23 43 577
23 44 677
23 47 356
23 48 203
23 49 679
23 50 856
23 51 44
23 54 587
23 55 168
23 56 162
23 57 806
23 59 244
23 61 294
23 62 388
23 63 534
23 65 460
23 66 997
23 67 656
23 68 641
23 69 142
23 70 51
23 71 638
23 72 679
23 73 867
23 74 269
23 75 440
23 76 669
23 77 243
23 79 625
23 80 74
23 81 481
23 82 512
23 83 131
23 84 195
23 85 831
23 86 615
23 87 317
23 88 316
23 89 239
23 92 909
23 93 114
23 96 352
23 97 66
23 98 352
23 99 227
24 25 244
24 27 645
24 29 141
24 30 760
24 31 386
24 32 950
24 40 425
24 41 503
24 42 30
24 43 327
24 45 133
24 46 239
24 47 452
24 48 576
24 49 275
24 50 25
24 51 186
24 53 866
24 55 220
24 56 11
24 58 81
24 59 84
24 60 968
24 61 622
24 62 425
24 63 981
24 64 211
24 65 69
24 66 460
24 68 129
24 69 771
24 70 146
24 71 956
24 73 182
24 74 918
24 75 837
24 76 817
24 78 330
24 79 384
24 80 33
24 81 780
24 82 841
24 84 844
24 87 853
24 88 307
24 89 726
24 90 639
24 91 367
24 92 603
24 93 409
24 94 473
24 96 255
24 97 803
24 98 67
24 99 481
25 27 342
25 28 292
25 29 419
25 31 464
25 32 508
25 34 815
25 36 558
25 37 217
25 38 38
25 39 430
25 40 118
25 41 335
25 42 465
25 43 245
25 44 159
25 45 20
25 46 801
25 48 642
25 49 858
25 50 625
25 51 288
25 52 474
25 53 730
25 55 745
25 56 765
25 57 808
25 58 936
25 59 318
25 60 736
25 61 594
25 62 481
25 63 279
25 64 903
25 65 608
25 66 988
25 67 147
25 68 598
25 69 654
25 70 582
25 71 232
25 72 48
25 73 364
25 74 597
25 75 521
25 76 267
25 79 577
25 82 673
25 83 122
25 85 607
25 87 123
25 88 147
25 91 648
25 94 403
25 95 759
25 96 758
25 97 976
25 98 795
26 27 968
26 28 962
26 30 501
26 32 405
26 34 180
26 35 718
26 36 352
26 39 854
26 42 389
26 44 849
26 45 46
26 46 465
26 47 34
26 48 29
26 50 176
26 51 494
26 52 379
26 53 424
26 55 320
26 56 425
26 59 450
26 60 95
26 61 859
26 62 636
26 63 899
26 64 585
26 65 550
26 67 520
26 68 283
26 69 79
26 70 979
26 73 109
26 74 175
26 75 474
26 76 489
26 77 128
26 79 442
26 80 383
26 82 898
26 83 822
26 84 472
26 85 472
26 87 863
26 88 920
26 89 559
26 90 820
26 92 973
26 93 933
26 94 422
26 95 652
26 97 420
27 28 133
27 30 429
27 31 346
27 33 62
27 34 610
27 35 98
27 37 267
27 39 940
27 41 906
27 42 878
27 44 308
27 47 747
27 48 685
27 49 513
27 52 887
27 53 139
27 54 531
27 55 495
27 56 37
27 57 284
27 58 168
27 59 801
27 60 297
27 62 792
27 63 71
27 64 436
27 66 160
27 67 147
27 69 997
27 70 517
27 72 316
27 73 964
27 74 993
27 75 466
27 76 422
27 77 479
27 78 168
27 79 521
27 80 600
27 83 154
27 85 534
27 89 569
27 90 395
27 91 793
27 92 188
27 93 387
27 94 103
27 95 537
27 96 387
27 98 285
27 99 441
28 29 659
28 31 578
28 32 109
28 33 150
28 34 2
28 35 679
28 37 412
28 38 105
28 39 916
28 40 736
28 43 477
28 44 451
28 45 720
28 46 732
28 51 979
28 52 629
28 53 238
28 54 405
28 55 531
28 56 973
28 57 251
28 59 799
28 60 685
28 61 654
28 62 988
28 64 372
28 66 534
28 68 200
28 69 344
28 70 352
28 72 216
28 76 574
28 77 863
28 79 397
28 80 161
28 82 713
28 83 854
28 84 163
28 87 117
28 89 253
28 90 622
28 91 359
28 92 815
28 93 812
28 94 206
28 95 139
28 97 359
28 99 616
29 31 917
29 32 584
29 34 892
29 35 396
29 37 616
29 38 520
29 39 783
29 43 446
29 44 923
29 45 891
29 46 576
29 47 583
29 48 668
29 49 123
29 52 164
29 53 807
29 54 396
29 55 797
29 57 764
29 58 274
29 61 512
29 63 556
29 64 881
29 65 121
29 67 446
29 68 587
29 69 416
29 70 775
29 72 316
29 73 652
29 74 270
29 76 660
29 77 32
29 78 278
29 79 861
29 83 302
29 84 802
29 85 606
29 86 973
29 87 169
29 90 499
29 91 244
29 95 165
29 96 117
29 98 138
29 99 113
30 31 371
30 32 836
30 33 429
30 34 497
30 35 148
30 36 991
30 37 973
30 40 607
30 41 865
30 42 817
30 43 840
30 44 754
30 46 719
30 47 511
30 49 795
30 50 722
30 53 150
30 54 875
30 55 541
30 56 27
30 57 222
30 59 451
30 60 107
30 61 852
30 62 81
30 63 375
30 64 509
30 65 440
30 66 766
30 67 863
30 68 483
30 69 536
30 70 31
30 72 624
30 73 825
30 74 613
30 75 246
30 76 630
30 77 421
30 78 18
30 79 75
30 80 687
30 81 408
30 84 496
30 85 767
30 86 452
30 87 407
30 89 363
30 90 620
30 91 732
30 92 155
30 93 860
30 95 436
30 96 58
30 97 229
30 99 596
31 34 113
31 36 20
31 38 90
31 40 461
31 41 691
31 42 660
31 44 86
31 45 202
31 46 725
31 47 909
31 48 24
31 49 674
31 50 312
31 51 910
31 52 299
31 53 924
31 54 706
31 55 136
31 57 592
31 58 456
31 59 946
31 60 379
31 61 72
31 62 631
31 63 183
31 64 806
31 65 656
31 67 838
31 69 122
31 70 127
31 71 440
31 72 757
31 75 564
31 76 59
31 77 660
31 79 744
31 80 29
31 81 58
31 82 75
31 83 734
31 84 490
31 85 643
31 87 676
31 89 298
31 90 267
31 91 857
31 92 975
31 94 606
31 95 454
31 96 774
31 97 646
31 98 629
31 99 682
32 34 669
32 35 411
32 36 180
32 37 410
32 38 63
32 40 823
32 41 74
32 42 638
32 43 319
32 44 814
32 45 794
32 46 287
32 47 79
32 48 949
32 50 620
32 51 5
32 52 651
32 53 633
32 54 274
32 55 341
32 56 83
32 57 141
32 58 58
32 59 840
32 60 88
32 61 630
32 62 634
32 63 542
32 65 951
32 66 20
32 67 675
32 68 681
32 69 824
32 70 259
32 72 961
32 73 294
32 74 374
32 75 800
32 77 29
32 78 119
32 80 241
32 81 261
32 85 203
32 86 388
32 87 370
32 88 822
32 89 461
32 90 229
32 91 252
32 92 939
32 93 611
32 95 225
32 96 782
32 97 213
32 98 547
33 34 584
33 35 497
33 36 739
33 37 692
33 38 489
33 39 508
33 40 932
33 41 423
33 43 522
33 45 712
33 46 853
33 47 802
33 48 379
33 49 420
33 50 611
33 51 211
33 52 794
33 54 800
33 55 324
33 56 711
33 57 717
33 60 88
33 63 794
33 64 232
33 65 196
33 67 474
33 70 732
33 71 944
33 72 353
33 73 323
33 74 873
33 75 890
33 76 560
33 77 281
33 78 273
33 79 455
33 80 576
33 81 332
33 82 199
33 88 798
33 89 345
33 93 177
33 94 195
33 95 827
33 96 660
33 98 680
33 99 495
34 35 482
34 36 43
34 37 681
34 38 80
34 39 666
34 40 288
34 41 223
34 43 364
34 46 26
34 47 563
34 49 482
34 50 368
34 51 838
34 52 571
34 54 488
34 55 612
34 58 506
34 59 633
34 61 645
34 62 801
34 65 38
34 67 66
34 68 728
34 70 874
34 71 740
34 74 17
34 76 596
34 77 694
34 79 20
34 80 573
34 81 31
34 83 620
34 85 905
34 86 357
34 87 387
34 88 781
34 91 566
34 92 131
34 93 830
34 96 249
34 97 390
34 98 880
34 99 561
35 36 337
35 37 858
35 40 543
35 41 119
35 43 107
35 44 352
35 45 256
35 47 230
35 48 769
35 49 541
35 50 801
35 51 64
35 52 606
35 55 379
35 58 594
35 59 160
35 60 47
35 63 535
35 64 716
35 65 893
35 66 995
35 67 799
35 68 616
35 69 460
35 70 474
35 71 141
35 72 789
35 73 786
35 74 638
35 75 81
35 76 232
35 77 683
35 79 593
35 81 788
35 82 610
35 83 417
35 84 969
35 86 155
35 87 203
35 89 518
35 90 137
35 91 492
35 93 922
35 94 105
35 95 790
35 96 337
35 98 134
35 99 472
36 37 659
36 39 561
36 40 653
36 41 997
36 42 497
36 43 48
36 44 495
36 47 68
36 48 185
36 49 635
36 50 761
36 51 994
36 53 97
36 54 712
36 55 81
36 56 862
36 57 880
36 58 154
36 59 754
36 60 134
36 62 69
36 64 517
36 65 918
36 66 146
36 67 12
36 69 759
36 70 24
36 71 371
36 72 944
36 74 844
36 75 783
36 76 473
36 77 225
36 78 386
36 79 588
36 81 432
36 82 812
36 83 235
36 84 200
36 86 795
36 87 654
36 88 480
36 89 613
36 90 138
36 91 875
36 92 41
36 93 725
36 94 596
36 98 377
36 99 84
37 39 768
37 40 419
37 41 503
37 42 645
37 43 466
37 44 699
37 45 896
37 46 682
37 47 220
37 48 824
37 49 947
37 50 568
37 51 354
37 53 616
37 54 992
37 55 577
37 56 667
37 57 329
37 58 235
37 62 77
37 63 263
37 64 332
37 65 309
37 66 790
37 67 649
37 68 50
37 70 891
37 72 243
37 73 992
37 74 718
37 76 30
37 77 886
37 78 648
37 79 4
37 80 660
37 81 992
37 82 922
37 83 233
37 84 325
37 85 472
37 87 987
37 89 736
37 91 132
37 92 345
37 93 683
37 94 820
37 95 918
37 96 330
37 97 878
37 98 414
38 39 722
38 40 931
38 41 743
38 43 211
38 44 310
38 46 333
38 49 914
38 50 210
38 51 4
38 52 911
38 56 795
38 57 171
38 58 101
38 59 924
38 61 651
38 62 32
38 63 133
38 64 456
38 65 532
38 67 297
38 69 471
38 72 246
38 74 881
38 75 855
38 76 987
38 78 303
38 79 621
38 80 485
38 81 953
38 82 322
38 84 189
38 85 371
38 86 999
38 87 80
38 88 85
38 90 777
38 91 574
38 92 373
38 93 451
38 94 195
38 95 751
38 96 916
38 98 540
39 40 773
39 41 767
39 42 443
39 43 722
39 44 436
39 47 932
39 48 743
39 49 647
39 50 570
39 51 494
39 52 863
39 54 835
39 56 305
39 57 160
39 58 891
39 59 104
39 61 584
39 64 329
39 67 685
39 68 578
39 69 799
39 70 884
39 71 915
39 72 460
39 73 993
39 76 850
39 77 262
39 79 637
39 80 213
39 81 8
39 82 694
39 83 593
39 84 782
39 85 47
39 86 705
39 87 200
39 89 355
39 90 45
39 91 853
39 92 446
39 93 590
39 94 174
39 96 646
39 97 493
39 99 359
40 41 533
40 42 340
40 43 642
40 46 939
40 47 784
40 48 822
40 49 341
40 50 423
40 52 105
40 55 663
40 56 891
40 57 213
40 59 592
40 60 143
40 61 8
40 63 421
40 64 476
40 65 412
40 66 951
40 68 108
40 69 365
40 70 478
40 72 112
40 73 506
40 74 746
40 75 795
40 77 625
40 78 247
40 79 544
40 81 269
40 82 704
40 84 338
40 85 738
40 86 762
40 87 631
40 88 221
40 89 787
40 91 891
40 92 689
40 93 541
40 95 985
40 97 926
40 98 668
41 42 410
41 44 274
41 45 390
41 46 139
41 47 265
41 51 747
41 52 399
41 53 717
41 54 692
41 56 416
41 57 399
41 58 539
41 59 272
41 60 428
41 63 315
41 64 33
41 65 780
41 66 754
41 67 366
41 68 976
41 69 854
41 72 683
41 74 892
41 75 547
41 76 997
41 77 173
41 78 509
41 81 590
41 83 257
41 84 224
41 86 129
41 87 259
41 88 132
41 90 53
41 91 859
41 92 72
41 94 903
41 95 383
41 96 738
41 97 945
41 99 803
42 43 585
42 44 819
42 45 688
42 49 270
42 50 413
42 51 165
42 52 583
42 53 395
42 56 418
42 58 95
42 59 51
42 61 230
42 64 151
42 65 544
42 68 810
42 69 673
42 70 699
42 71 290
42 72 980
42 74 642
42 75 492
42 76 568
42 78 199
42 79 203
42 81 275
42 83 299
42 84 750
42 85 118
42 86 862
42 87 257
42 89 26
42 90 550
42 91 445
42 93 344
42 95 570
42 96 253
42 97 324
42 98 631
42 99 252
43 44 334
43 45 738
43 46 639
43 47 855
43 48 338
43 49 902
43 50 338
43 51 266
43 52 36
43 53 911
43 56 283
43 57 924
43 58 195
43 59 224
43 61 718
43 62 795
43 63 11
43 64 342
43 66 592
43 68 625
43 69 327
43 70 834
43 71 988
43 75 322
43 76 555
43 77 969
43 78 277
43 79 808
43 80 809
43 81 743
43 82 192
43 83 853
43 84 501
43 86 32
43 90 417
43 91 873
43 92 932
43 93 780
43 94 87
43 95 943
43 96 592
43 97 544
43 98 130
43 99 906
44 45 442
44 46 316
44 47 281
44 48 261
44 49 332
44 50 844
44 51 867
44 52 556
44 53 344
44 54 172
44 57 447
44 59 230
44 60 281
44 63 852
44 65 392
44 67 955
44 68 253
44 70 391
44 71 585
44 72 827
44 73 238
44 76 269
44 77 585
44 78 895
44 80 363
44 81 928
44 82 372
44 83 271
44 84 301
44 85 116
44 86 221
44 87 689
44 88 256
44 89 42
44 90 245
44 91 317
44 92 589
44 93 158
44 94 79
44 97 737
44 98 723
44 99 379
45 47 497
45 48 696
45 49 743
45 50 947
45 51 376
45 52 444
45 53 429
45 54 750
45 56 386
45 58 801
45 60 270
45 61 942
45 62 107
45 63 391
45 65 856
45 66 657
45 67 777
45 69 841
45 71 303
45 72 24
45 74 345
45 75 161
45 78 801
45 80 327
45 81 299
45 82 160
45 84 368
45 85 468
45 87 702
45 89 432
45 90 842
45 91 745
45 93 237
45 94 589
45 95 989
45 96 944
45 97 550
45 98 862
45 99 851
46 47 384
46 50 691
46 51 837
46 53 805
46 54 975
46 56 31
46 57 566
46 58 324
46 60 104
46 62 698
46 64 182
46 65 70
46 67 350
46 70 430
46 72 830
46 73 950
46 74 127
46 75 62
46 76 647
46 77 806
46 78 33
46 80 113
46 81 987
46 82 163
46 83 165
46 84 704
46 85 344
46 86 491
46 87 667
46 88 500
46 89 89
46 90 752
46 91 800
46 92 434
46 95 185
46 96 911
46 99 826
47 49 288
47 50 159
47 51 201
47 52 334
47 53 326
47 55 388
47 60 980
47 61 92
47 62 542
47 63 352
47 65 814
47 66 722
47 67 718
47 68 648
47 71 638
47 72 236
47 73 786
47 74 658
47 75 889
47 76 502
47 78 703
47 79 469
47 80 591
47 82 443
47 84 442
47 86 951
47 87 151
47 88 934
47 90 408
47 91 828
47 92 292
47 93 662
47 94 670
47 95 467
47 96 940
47 97 204
47 99 908
48 51 751
48 52 356
48 53 687
48 54 393
48 55 28
48 56 273
48 58 998
48 59 505
48 60 825
48 62 415
48 64 415
48 65 562
48 66 842
48 67 361
48 71 425
48 72 526
48 74 502
48 75 709
48 76 898
48 77 545
48 78 190
48 81 340
48 83 652
48 85 300
48 86 206
48 87 460
48 88 263
48 89 871
48 90 542
48 91 712
48 93 378
48 94 808
48 96 99
48 98 674
48 99 20
49 50 617
49 51 897
49 52 488
49 55 150
49 56 571
49 57 669
49 58 813
49 60 47
49 61 606
49 63 490
49 64 952
49 65 195
49 66 264
49 67 40
49 68 38
49 69 731
49 70 294
49 71 168
49 72 80
49 73 476
49 75 497
49 76 258
49 77 237
49 78 762
49 80 15
49 81 852
49 82 41
49 83 229
49 84 817
49 85 739
49 87 297
49 88 989
49 90 892
49 91 118
49 92 416
49 93 2
49 94 382
49 96 710
49 97 179
49 98 215
49 99 947
50 53 946
50 54 630
50 55 245
50 58 655
50 59 944
50 60 768
50 62 765
50 64 686
50 65 929
50 67 277
50 68 309
50 69 120
50 70 509
50 73 653
50 74 286
50 75 208
50 77 85
50 78 998
50 79 690
50 86 185
50 87 879
50 88 566
50 89 736
50 90 841
50 91 132
50 92 197
50 93 447
50 94 271
50 95 486
50 99 285
51 52 419
51 54 593
51 55 442
51 56 803
51 59 853
51 61 969
51 62 530
51 63 110
51 64 856
51 65 424
51 66 743
51 69 423
51 70 206
51 71 872
51 72 410
51 74 407
51 76 809
51 77 39
51 79 311
51 80 980
51 82 516
51 83 285
51 84 697
51 86 141
51 87 457
51 88 893
51 90 825
51 93 652
51 94 736
51 95 168
51 96 746
51 97 731
51 98 265
51 99 377
52 53 663
52 54 413
52 55 580
52 57 729
52 62 980
52 65 907
52 67 504
52 68 605
52 69 969
52 70 162
52 71 941
52 72 420
52 76 892
52 77 532
52 78 638
52 79 38
52 80 299
52 81 386
52 82 469
52 84 955
52 85 865
52 87 562
52 88 868
52 89 979
52 90 773
52 91 776
52 92 32
52 93 857
52 94 732
52 97 524
52 98 253
52 99 639
53 54 921
53 55 3
53 57 995
53 58 869
53 59 862
53 60 417
53 61 932
53 66 453
53 68 279
53 70 132
53 71 901
53 72 293
53 73 731
53 74 583
53 75 384
53 76 398
53 78 497
53 79 937
53 80 400
53 81 178
53 82 373
53 84 691
53 85 617
53 87 224
53 88 587
53 89 347
53 92 172
53 93 976
53 94 42
53 95 446
53 96 482
53 97 330
53 99 290
54 55 521
54 56 734
54 57 575
54 58 100
54 59 412
54 60 337
54 65 955
54 66 558
54 67 712
54 68 179
54 70 489
54 72 708
54 73 459
54 76 613
54 77 685
54 78 545
54 80 394
54 81 585
54 82 554
54 83 217
54 85 102
54 86 937
54 87 242
54 89 696
54 91 406
54 92 413
54 93 711
54 94 361
54 96 200
54 97 310
54 98 662
54 99 548
55 56 716
55 57 348
55 58 808
55 60 259
55 62 351
55 63 63
55 64 498
55 65 815
55 66 622
55 67 803
55 68 570
55 69 425
55 70 179
55 73 289
55 74 422
55 75 749
55 76 841
55 78 73
55 80 236
55 81 354
55 86 79
55 88 585
55 89 163
55 91 193
55 92 574
55 93 706
55 94 792
55 95 935
55 97 525
55 98 400
56 57 966
56 58 376
56 59 510
56 60 635
56 61 920
56 62 101
56 63 933
56 65 586
56 66 688
56 67 737
56 69 158
56 70 452
56 71 927
56 72 41
56 73 58
56 74 627
56 75 602
56 76 564
56 77 7
56 78 657
56 79 429
56 81 745
56 82 978
56 83 362
56 84 843
56 87 85
56 88 98
56 89 447
56 91 398
56 93 488
56 94 84
56 95 854
56 96 883
56 97 527
56 99 695
57 58 977
57 59 572
57 61 652
57 63 488
57 64 407
57 65 354
57 66 360
57 69 184
57 70 495
57 71 78
57 72 351
57 73 572
57 74 744
57 75 81
57 77 249
57 78 825
57 79 290
57 80 495
57 81 748
57 82 895
57 85 853
57 86 557
57 87 784
57 88 271
57 89 765
57 90 725
57 91 887
57 93 200
57 94 184
57 95 262
57 96 126
57 97 353
57 98 803
57 99 302
58 59 816
58 60 410
58 61 276
58 62 726
58 63 663
58 64 990
58 65 437
58 68 737
58 69 736
58 72 347
58 73 222
58 74 740
58 75 509
58 77 341
58 79 900
58 80 750
58 81 604
58 82 130
58 83 522
58 85 434
58 86 383
58 88 611
58 91 169
58 93 479
58 94 434
58 95 774
58 97 660
58 99 662
59 62 881
59 63 900
59 65 479
59 66 648
59 67 183
59 68 828
59 69 41
59 70 245
59 71 350
59 72 587
59 73 746
59 74 334
59 75 780
59 76 389
59 79 575
59 80 221
59 81 979
59 82 194
59 86 434
59 87 471
59 88 12
59 91 907
59 92 310
59 93 741
59 94 712
59 95 390
59 96 823
59 97 527
59 98 469
59 99 968
60 62 455
60 63 973
60 64 753
60 65 668
60 66 23
60 67 647
60 68 931
60 71 591
60 72 161
60 73 56
60 74 434
60 75 878
60 76 702
60 78 258
60 79 443
60 81 217
60 83 121
60 84 355
60 85 496
60 86 76
60 87 381
60 88 470
60 90 63
60 91 682
60 92 182
60 93 154
60 94 140
60 95 737
60 96 854
60 97 189
60 98 727
60 99 643
61 62 172
61 63 145
61 65 86
61 67 76
61 68 968
61 69 689
61 71 211
61 72 975
61 73 583
61 74 885
61 78 413
61 79 222
61 81 85
61 82 474
61 83 971
61 84 616
61 85 260
61 86 116
61 87 489
61 88 835
61 89 559
61 91 853
61 92 593
61 93 900
61 94 176
61 95 13
61 96 298
61 97 39
61 98 265
61 99 974
62 63 126
62 64 952
62 66 544
62 68 848
62 69 574
62 71 930
62 72 866
62 73 336
62 74 805
62 75 595
62 76 903
62 77 11
62 78 108
62 79 659
62 80 713
62 81 919
62 82 104
62 85 343
62 86 251
62 87 701
62 89 889
62 90 877
62 91 250
62 92 341
62 93 107
62 94 186
62 95 17
62 96 297
62 97 526
62 99 996
63 64 271
63 65 754
63 67 483
63 69 396
63 70 833
63 71 202
63 72 134
63 73 399
63 74 13
63 75 881
63 76 641
63 77 15
63 79 847
63 80 365
63 81 326
63 82 684
63 83 984
63 84 184
63 87 362
63 88 576
63 89 295
63 90 995
63 93 501
63 95 534
63 96 338
63 97 96
63 98 745
63 99 603
64 65 210
64 66 308
64 67 355
64 68 616
64 69 209
64 70 451
64 71 817
64 72 957
64 74 381
64 75 472
64 77 518
64 78 939
64 79 407
64 80 781
64 82 135
64 83 290
64 85 531
64 86 127
64 88 74
64 89 855
64 90 916
64 91 865
64 92 728
64 93 777
64 97 856
64 98 530
64 99 869
65 66 776
65 67 402
65 68 772
65 69 50
65 70 338
65 71 944
65 72 472
65 74 58
65 75 357
65 76 172
65 77 407
65 79 880
65 82 438
65 83 339
65 84 43
65 85 683
65 86 686
65 87 780
65 88 454
65 90 673
65 91 949
65 92 456
65 93 801
65 94 276
65 97 21
65 98 596
65 99 839
66 68 62
66 69 7
66 70 670
66 71 64
66 72 902
66 73 940
66 74 441
66 75 286
66 76 541
66 78 311
66 80 338
66 81 700
66 82 664
66 83 990
66 84 972
66 85 354
66 86 217
66 87 999
66 89 884
66 90 507
66 91 893
66 92 651
66 93 509
66 95 612
66 96 527
66 97 991
66 98 104
67 68 94
67 70 711
67 71 839
67 72 265
67 73 482
67 74 168
67 75 323
67 76 60
67 78 13
67 79 673
67 80 548
67 82 245
67 83 181
67 84 681
67 85 668
67 86 100
67 87 512
67 89 682
67 90 564
67 91 122
67 92 68
67 93 442
67 94 142
67 96 721
67 97 905
67 98 881
67 99 229
68 70 665
68 71 553
68 72 555
68 73 801
68 74 252
68 75 709
68 76 690
68 77 247
68 78 580
68 81 941
68 82 752
68 83 384
68 84 444
68 85 91
68 86 30
68 87 940
68 88 497
68 89 25
68 90 303
68 91 690
68 92 979
68 93 547
68 94 540
68 95 916
68 96 152
68 97 126
68 98 422
68 99 255
69 70 351
69 73 934
69 74 502
69 75 574
69 76 555
69 77 558
69 79 773
69 80 549
69 81 379
69 82 676
69 84 629
69 85 54
69 86 496
69 87 157
69 88 690
69 89 845
69 90 126
69 91 562
69 92 914
69 93 90
69 94 456
69 95 343
69 96 87
69 97 667
69 98 129
69 99 541
70 71 668
70 72 332
70 73 2
70 74 64
70 75 938
70 76 155
70 77 126
70 81 552
70 83 335
70 84 320
70 85 155
70 86 6
70 87 879
70 88 803
70 89 588
70 90 549
70 91 957
70 92 41
70 93 523
70 94 630
70 95 93
70 96 832
70 98 114
71 72 628
71 73 185
71 74 772
71 75 671
71 76 604
71 77 705
71 79 280
71 80 892
71 81 642
71 83 319
71 84 636
71 85 183
71 88 619
71 90 363
71 92 615
71 93 543
71 95 835
71 96 935
71 97 383
71 98 212
71 99 76
72 73 256
72 75 210
72 76 30
72 77 616
72 78 762
72 79 678
72 80 260
72 81 72
72 82 115
72 83 187
72 84 434
72 85 237
72 86 618
72 87 321
72 88 525
72 89 556
72 90 208
72 91 364
72 94 454
72 95 357
72 97 243
72 98 643
72 99 996
73 74 818
73 76 876
73 77 589
73 80 443
73 81 675
73 82 399
73 84 9
73 85 395
73 86 460
73 87 837
73 88 556
73 89 985
73 91 715
73 93 710
73 95 962
73 96 956
73 97 90
73 98 761
73 99 522
74 77 853
74 78 889
74 79 428
74 81 280
74 82 511
74 83 702
74 84 409
74 85 778
74 89 321
74 90 480
74 91 221
74 92 968
74 93 510
74 94 138
74 95 92
74 96 501
74 97 891
74 98 59
75 76 818
75 77 428
75 78 293
75 79 366
75 81 542
75 84 607
75 85 339
75 86 372
75 87 24
75 88 28
75 89 783
75 90 847
75 91 961
75 92 779
75 95 363
75 96 595
75 97 15
75 98 504
75 99 922
76 78 509
76 79 840
76 80 492
76 81 833
76 82 531
76 84 375
76 85 372
76 86 154
76 87 444
76 88 683
76 89 381
76 90 415
76 91 374
76 93 702
76 94 559
76 96 326
76 97 445
76 98 45
76 99 857
77 78 283
77 79 461
77 80 821
77 81 389
77 82 266
77 83 819
77 84 516
77 86 802
77 89 645
77 91 774
77 92 25
77 93 459
77 94 981
77 95 332
77 96 154
77 97 669
78 79 628
78 80 38
78 82 20
78 83 229
78 86 472
78 87 151
78 88 911
78 89 655
78 90 64
78 92 451
78 95 668
78 96 259
78 97 16
78 98 605
78 99 992
79 80 524
79 81 92
79 82 452
79 83 371
79 84 189
79 85 213
79 86 804
79 88 983
79 90 486
79 91 95
79 95 187
79 96 934
79 97 73
79 98 611
79 99 707
80 81 865
80 82 112
80 83 641
80 84 464
80 86 150
80 87 663
80 88 935
80 89 349
80 91 444
80 92 994
80 93 520
80 94 548
80 95 772
80 96 860
81 82 509
81 83 646
81 85 777
81 86 67
81 87 51
81 89 369
81 92 911
81 93 170
81 94 127
81 95 140
81 96 183
81 97 766
81 98 89
81 99 969
82 85 322
82 86 81
82 87 710
82 88 528
82 89 992
82 90 166
82 91 496
82 92 526
82 95 110
82 97 863
82 98 731
82 99 479
83 84 963
83 85 639
83 87 58
83 88 25
83 89 28
83 90 830
83 92 981
83 93 739
83 95 86
83 96 883
83 98 589
84 85 822
84 86 863
84 87 752
84 88 69
84 90 195
84 91 522
84 92 101
84 94 536
84 95 652
84 96 935
84 99 505
85 86 484
85 87 388
85 88 680
85 89 725
85 90 186
85 91 290
85 95 60
85 97 232
85 98 798
85 99 779
86 87 600
86 88 203
86 89 882
86 91 66
86 93 220
86 94 712
86 95 805
86 96 242
86 97 636
86 98 17
87 88 844
87 90 106
87 91 412
87 92 23
87 93 591
87 95 850
87 96 580
87 98 748
87 99 427
88 90 34
88 91 275
88 92 821
88 93 19
88 97 458
88 98 260
89 90 545
89 91 404
89 92 479
89 93 515
89 95 379
89 98 693
90 91 296
90 93 359
90 94 628
90 96 830
90 97 407
90 99 439
91 92 717
91 93 770
91 94 659
91 95 706
91 96 419
91 97 406
91 99 702
92 93 927
92 94 744
92 95 695
92 96 577
92 97 795
92 98 305
93 94 157
93 95 30
93 96 420
93 97 958
93 98 668
93 99 978
94 96 684
94 97 116
94 98 564
94 99 996
95 96 822
95 97 677
95 98 973
96 98 537
96 99 216
97 98 771
97 99 39
98 99 831
